25
16
0 67 34 0 69 24 78 58 62 64 5 45 81 27 61 91 95 42 27 36 91 4 2 53 92 
67 0 82 21 16 18 95 47 26 71 38 69 12 67 99 35 94 3 11 22 33 73 64 41 11 
34 82 0 53 68 47 44 62 57 37 59 23 41 29 78 16 35 90 42 88 6 40 42 64 48 
0 21 53 0 46 5 90 29 70 50 6 1 93 48 29 23 84 54 56 40 66 76 31 8 44 
69 16 68 46 0 39 26 23 37 38 18 82 29 41 33 15 39 58 4 30 77 6 73 86 21 
24 18 47 5 39 0 45 24 72 70 29 77 73 97 12 86 90 61 36 55 67 55 74 31 52 
78 95 44 90 26 45 0 50 50 41 24 66 30 7 91 7 37 57 87 53 83 45 9 9 58 
58 47 62 29 23 24 50 0 21 88 22 46 6 30 13 68 0 91 62 55 10 59 24 37 48 
62 26 57 70 37 72 50 21 0 83 95 41 2 50 91 36 74 20 96 21 48 99 68 84 81 
64 71 37 50 38 70 41 88 83 0 34 53 99 18 38 0 88 27 67 28 93 48 83 7 21 
5 38 59 6 18 29 24 22 95 34 0 10 17 13 14 9 16 35 51 0 49 19 56 98 3 
45 69 23 1 82 77 66 46 41 53 10 0 24 8 44 9 89 2 95 85 93 43 23 87 14 
81 12 41 93 29 73 30 6 2 99 17 24 0 3 48 0 58 18 80 96 98 81 89 98 9 
27 67 29 48 41 97 7 30 50 18 13 8 3 0 57 72 22 38 92 38 79 90 57 58 91 
61 99 78 29 33 12 91 13 91 38 14 44 48 57 0 15 88 56 11 2 34 72 55 28 46 
91 35 16 23 15 86 7 68 36 0 9 9 0 72 15 0 62 86 75 33 69 42 44 16 81 
95 94 35 84 39 90 37 0 74 88 16 89 58 22 88 62 0 98 22 51 21 99 57 76 92 
42 3 90 54 58 61 57 91 20 27 35 2 18 38 56 86 98 0 89 75 12 0 10 3 69 
27 11 42 56 4 36 87 62 96 67 51 95 80 92 11 75 22 89 0 61 88 1 89 55 23 
36 22 88 40 30 55 53 55 21 28 0 85 96 38 2 33 51 75 61 0 2 85 82 85 88 
91 33 6 66 77 67 83 10 48 93 49 93 98 79 34 69 21 12 88 2 0 26 17 57 32 
4 73 40 76 6 55 45 59 99 48 19 43 81 90 72 42 99 0 1 85 26 0 32 69 54 
2 64 42 31 73 74 9 24 68 83 56 23 89 57 55 44 57 10 89 82 17 32 0 21 89 
53 41 64 8 86 31 9 37 84 7 98 87 98 58 28 16 76 3 55 85 57 69 21 0 76 
92 11 48 44 21 52 58 48 81 21 3 14 9 91 46 81 92 69 23 88 32 54 89 76 0 
