50
41
0 67 34 0 69 24 78 58 62 64 5 45 81 27 61 91 95 42 27 36 91 4 2 53 92 82 21 16 18 95 47 26 71 38 69 12 67 99 35 94 3 11 22 33 73 64 41 11 53 68 
67 0 47 44 62 57 37 59 23 41 29 78 16 35 90 42 88 6 40 42 64 48 46 5 90 29 70 50 6 1 93 48 29 23 84 54 56 40 66 76 31 8 44 39 26 23 37 38 18 82 
34 47 0 29 41 33 15 39 58 4 30 77 6 73 86 21 45 24 72 70 29 77 73 97 12 86 90 61 36 55 67 55 74 31 52 50 50 41 24 66 30 7 91 7 37 57 87 53 83 45 
0 44 29 0 9 9 58 21 88 22 46 6 30 13 68 0 91 62 55 10 59 24 37 48 83 95 41 2 50 91 36 74 20 96 21 48 99 68 84 81 34 53 99 18 38 0 88 27 67 28 
69 62 41 9 0 93 48 83 7 21 10 17 13 14 9 16 35 51 0 49 19 56 98 3 24 8 44 9 89 2 95 85 93 43 23 87 14 3 48 0 58 18 80 96 98 81 89 98 9 57 
24 57 33 9 93 0 72 22 38 92 38 79 90 57 58 91 15 88 56 11 2 34 72 55 28 46 62 86 75 33 69 42 44 16 81 98 22 51 21 99 57 76 92 89 75 12 0 10 3 69 
78 37 15 58 48 72 0 61 88 1 89 55 23 2 85 82 85 88 26 17 57 32 32 69 54 21 89 76 29 68 92 25 55 34 49 41 12 45 60 18 53 39 23 79 96 87 29 49 37 66 
58 59 39 21 83 22 61 0 49 93 95 97 16 86 5 88 82 55 34 14 1 16 71 86 63 13 55 85 53 12 8 32 45 13 56 21 58 46 82 81 44 96 22 29 61 35 50 73 66 44 
62 23 58 88 7 38 88 49 0 59 92 39 53 24 54 10 45 49 86 13 74 22 68 18 87 5 58 91 2 25 77 14 14 24 34 74 72 59 33 70 87 97 18 77 73 70 63 68 92 85 
64 41 4 22 21 92 1 93 59 0 2 80 13 27 2 99 27 25 43 24 23 72 61 81 3 32 5 93 25 31 92 42 22 86 64 0 87 60 13 74 70 70 35 33 11 60 96 67 85 50 
5 29 30 46 10 38 89 95 92 2 0 40 94 95 24 19 25 76 94 58 2 71 66 78 93 51 84 18 64 19 52 0 87 60 26 10 57 70 15 76 27 43 58 64 9 82 86 65 87 77 
45 78 77 6 17 79 55 97 39 80 40 0 74 25 27 29 28 23 20 2 62 23 96 37 61 95 25 64 60 2 16 30 26 11 71 11 47 53 20 90 24 88 63 40 51 62 29 0 13 58 
81 16 6 30 13 90 23 16 53 13 94 74 0 78 65 7 77 0 58 39 3 60 57 24 77 8 13 87 1 50 60 28 93 84 5 40 11 4 35 56 72 50 23 85 56 16 26 57 26 57 
27 35 73 13 14 57 2 86 24 27 95 25 78 0 37 71 69 61 96 22 17 12 17 96 85 41 23 29 29 65 59 32 96 55 53 62 84 34 54 72 57 69 32 63 7 83 11 35 67 48 
61 90 86 68 9 58 85 5 54 2 24 27 65 37 0 75 38 23 42 54 11 41 75 59 25 21 70 26 34 5 83 50 98 79 1 93 34 37 34 56 93 76 5 62 48 81 0 13 41 55 
91 42 21 0 16 91 82 88 10 99 19 29 7 71 75 0 55 42 62 11 77 24 78 52 43 96 73 40 13 75 72 18 10 17 32 12 95 69 31 40 88 85 90 97 89 90 45 53 14 51 
95 88 45 91 35 15 85 82 45 27 25 28 77 69 38 55 0 40 44 58 35 59 92 5 64 81 3 29 75 8 92 97 49 56 61 27 67 41 29 40 13 74 1 77 15 83 13 92 24 1 
42 6 24 62 51 88 88 55 49 25 76 23 0 61 23 42 40 0 92 59 70 28 27 84 75 86 98 70 87 47 4 3 21 63 6 63 10 71 89 40 64 42 19 13 91 4 18 32 50 5 
27 40 72 55 0 56 26 34 86 43 94 20 58 96 42 62 44 92 0 75 39 3 22 98 47 84 48 71 64 13 75 45 12 46 78 69 62 19 85 89 44 65 40 45 8 18 70 1 23 32 
36 42 70 10 49 11 17 14 13 24 58 2 39 22 54 11 58 59 75 0 72 52 87 70 63 1 3 23 27 0 69 15 65 28 43 47 88 43 37 9 63 49 81 88 42 8 60 21 58 54 
91 64 29 59 19 2 57 1 74 23 2 62 3 17 11 77 35 70 39 72 0 88 46 90 49 43 30 20 48 67 36 83 35 26 85 38 53 29 24 48 23 59 57 66 44 55 18 26 11 25 
4 48 77 24 56 34 32 16 22 72 71 23 60 12 41 24 59 28 3 52 88 0 55 1 49 96 84 15 64 42 75 13 42 96 48 72 26 6 73 29 4 5 26 12 75 93 65 36 36 41 
2 46 73 37 98 72 32 71 68 61 66 96 57 17 75 78 92 27 22 87 46 55 0 14 94 56 52 36 38 82 55 15 31 30 41 25 11 37 86 90 50 62 34 93 53 16 52 8 62 33 
53 5 97 48 3 55 69 86 18 81 78 37 24 96 59 52 5 84 98 70 90 1 14 0 54 3 34 3 56 48 24 17 13 9 28 0 80 18 58 50 55 61 64 3 76 43 9 2 61 89 
92 90 12 83 24 28 54 63 87 3 93 61 77 85 25 43 64 75 47 63 49 49 94 54 0 48 82 53 74 20 2 23 31 69 78 59 8 19 71 3 45 81 4 92 85 13 98 89 22 38 
82 29 86 95 8 46 21 13 5 32 51 95 8 41 21 96 81 86 84 1 43 96 56 3 48 0 37 10 61 34 8 61 59 93 15 69 37 69 58 0 71 64 17 15 55 15 30 39 12 88 
21 70 90 41 44 62 89 55 58 5 84 25 13 23 70 73 3 98 48 3 30 84 52 34 82 37 0 82 54 85 10 84 74 80 15 51 41 15 79 10 98 73 88 77 32 56 89 13 8 41 
16 50 61 2 9 86 76 85 91 93 18 64 87 29 26 40 29 70 71 23 20 15 36 3 53 10 82 0 90 23 63 28 84 78 0 71 85 74 71 33 67 53 95 68 25 76 29 50 98 9 
18 6 36 50 89 75 29 53 2 25 64 60 1 29 34 13 75 87 64 27 48 64 38 56 74 61 54 90 0 93 86 80 16 49 67 28 79 64 21 5 26 16 16 26 66 87 81 64 40 86 
95 1 55 91 2 33 68 12 25 31 19 2 50 65 5 75 8 47 13 0 67 42 82 48 20 34 85 23 93 0 21 62 21 64 9 15 2 73 24 41 45 62 23 31 6 68 18 2 7 7 
47 93 67 36 95 69 92 8 77 92 52 16 60 59 83 72 92 4 75 69 36 75 55 24 2 8 10 63 86 21 0 81 12 36 30 14 9 84 56 90 93 96 52 54 45 8 48 91 12 31 
26 48 55 74 85 42 25 32 14 42 0 30 28 32 50 18 97 3 45 15 83 13 15 17 23 61 84 28 80 62 81 0 14 39 58 22 4 95 52 69 79 38 23 18 66 59 98 86 96 62 
71 29 74 20 93 44 55 45 14 22 87 26 93 96 98 10 49 21 12 65 35 42 31 13 31 59 74 84 16 21 12 14 0 33 58 22 46 92 37 25 47 58 2 7 98 30 92 0 78 99 
38 23 31 96 43 16 34 13 24 86 60 11 84 55 79 17 56 63 46 28 26 96 30 9 69 93 80 78 49 64 36 39 33 0 52 48 82 40 15 75 62 67 36 97 18 97 28 51 16 30 
69 84 52 21 23 81 49 56 34 64 26 71 5 53 1 32 61 6 78 43 85 48 41 28 78 15 15 0 67 9 30 58 58 52 0 49 25 58 29 20 40 60 47 62 55 75 92 61 54 98 
12 54 50 48 87 98 41 21 74 0 10 11 40 62 93 12 27 63 69 47 38 72 25 0 59 69 51 71 28 15 14 22 22 48 49 0 46 14 46 88 69 38 63 75 15 21 75 15 28 34 
67 56 50 99 14 22 12 58 72 87 57 47 11 84 34 95 67 10 62 88 53 26 11 80 8 37 41 85 79 2 9 4 46 82 25 46 0 70 5 64 57 62 61 24 49 69 30 23 50 33 
99 40 41 68 3 51 45 46 59 60 70 53 4 34 37 69 41 71 19 43 29 6 37 18 19 69 15 74 64 73 84 95 92 40 58 14 70 0 25 10 37 36 37 78 93 36 14 64 91 49 
35 66 24 84 48 21 60 82 33 13 15 20 35 54 34 31 29 89 85 37 24 73 86 58 71 58 79 71 21 24 56 52 37 15 29 46 5 25 0 35 5 37 4 37 23 64 70 8 68 81 
94 76 66 81 0 99 18 81 70 74 76 90 56 72 56 40 40 40 89 9 48 29 90 50 3 0 10 33 5 41 90 69 25 75 20 88 64 10 35 0 85 52 73 52 94 76 26 96 72 49 
3 31 30 34 58 57 53 44 87 70 27 24 72 57 93 88 13 64 44 63 23 4 50 55 45 71 98 67 26 45 93 79 47 62 40 69 57 37 5 85 0 40 74 19 43 11 41 89 19 65 
11 8 7 53 18 76 39 96 97 70 43 88 50 69 76 85 74 42 65 49 59 5 62 61 81 64 73 53 16 62 96 38 58 67 60 38 62 36 37 52 40 0 5 85 16 50 15 9 64 66 
22 44 91 99 80 92 23 22 18 35 58 63 23 32 5 90 1 19 40 81 57 26 34 64 4 17 88 95 16 23 52 23 2 36 47 63 61 37 4 73 74 5 0 93 74 9 0 95 73 89 
33 39 7 18 96 89 79 29 77 33 64 40 85 63 62 97 77 13 45 88 66 12 93 3 92 15 77 68 26 31 54 18 7 97 62 75 24 78 37 52 19 85 93 0 61 72 68 58 31 68 
73 26 37 38 98 75 96 61 73 11 9 51 56 7 48 89 15 91 8 42 44 75 53 76 85 55 32 25 66 6 45 66 98 18 55 15 49 93 23 94 43 16 74 61 0 26 10 22 74 79 
64 23 57 0 81 12 87 35 70 60 82 62 16 83 81 90 83 4 18 8 55 93 16 43 13 15 56 76 87 68 8 59 30 97 75 21 69 36 64 76 11 50 9 72 26 0 10 52 82 91 
41 37 87 88 89 0 29 50 63 96 86 29 26 11 0 45 13 18 70 60 18 65 52 9 98 30 89 29 81 18 48 98 92 28 92 75 30 14 70 26 41 15 0 68 10 10 0 95 64 74 
11 38 53 27 98 10 49 73 68 67 65 0 57 35 13 53 92 32 1 21 26 36 8 2 89 39 13 50 64 2 91 86 0 51 61 15 23 64 8 96 89 9 95 58 22 52 95 0 64 2 
53 18 83 67 9 3 37 66 92 85 87 13 26 67 41 14 24 50 23 58 11 36 62 61 22 12 8 98 40 7 12 96 78 16 54 28 50 91 68 72 19 64 73 31 74 82 64 64 0 55 
68 82 45 28 57 69 66 44 85 50 77 58 57 48 55 51 1 5 32 54 25 41 33 89 38 88 41 9 86 7 31 62 99 30 98 34 33 49 81 49 65 66 89 68 79 91 74 2 55 0 
