33
8
0 67 34 0 69 24 78 58 62 64 5 45 81 27 61 91 95 42 27 36 91 4 2 53 92 82 21 16 18 95 47 26 71 
67 0 38 69 12 67 99 35 94 3 11 22 33 73 64 41 11 53 68 47 44 62 57 37 59 23 41 29 78 16 35 90 42 
34 38 0 88 6 40 42 64 48 46 5 90 29 70 50 6 1 93 48 29 23 84 54 56 40 66 76 31 8 44 39 26 23 
0 69 88 0 37 38 18 82 29 41 33 15 39 58 4 30 77 6 73 86 21 45 24 72 70 29 77 73 97 12 86 90 61 
69 12 6 37 0 36 55 67 55 74 31 52 50 50 41 24 66 30 7 91 7 37 57 87 53 83 45 9 9 58 21 88 22 
24 67 40 38 36 0 46 6 30 13 68 0 91 62 55 10 59 24 37 48 83 95 41 2 50 91 36 74 20 96 21 48 99 
78 99 42 18 55 46 0 68 84 81 34 53 99 18 38 0 88 27 67 28 93 48 83 7 21 10 17 13 14 9 16 35 51 
58 35 64 82 67 6 68 0 0 49 19 56 98 3 24 8 44 9 89 2 95 85 93 43 23 87 14 3 48 0 58 18 80 
62 94 48 29 55 30 84 0 0 96 98 81 89 98 9 57 72 22 38 92 38 79 90 57 58 91 15 88 56 11 2 34 72 
64 3 46 41 74 13 81 49 96 0 55 28 46 62 86 75 33 69 42 44 16 81 98 22 51 21 99 57 76 92 89 75 12 
5 11 5 33 31 68 34 19 98 55 0 0 10 3 69 61 88 1 89 55 23 2 85 82 85 88 26 17 57 32 32 69 54 
45 22 90 15 52 0 53 56 81 28 0 0 21 89 76 29 68 92 25 55 34 49 41 12 45 60 18 53 39 23 79 96 87 
81 33 29 39 50 91 99 98 89 46 10 21 0 29 49 37 66 49 93 95 97 16 86 5 88 82 55 34 14 1 16 71 86 
27 73 70 58 50 62 18 3 98 62 3 89 29 0 63 13 55 85 53 12 8 32 45 13 56 21 58 46 82 81 44 96 22 
61 64 50 4 41 55 38 24 9 86 69 76 49 63 0 29 61 35 50 73 66 44 59 92 39 53 24 54 10 45 49 86 13 
91 41 6 30 24 10 0 8 57 75 61 29 37 13 29 0 74 22 68 18 87 5 58 91 2 25 77 14 14 24 34 74 72 
95 11 1 77 66 59 88 44 72 33 88 68 66 55 61 74 0 59 33 70 87 97 18 77 73 70 63 68 92 85 2 80 13 
42 53 93 6 30 24 27 9 22 69 1 92 49 85 35 22 59 0 27 2 99 27 25 43 24 23 72 61 81 3 32 5 93 
27 68 48 73 7 37 67 89 38 42 89 25 93 53 50 68 33 27 0 25 31 92 42 22 86 64 0 87 60 13 74 70 70 
36 47 29 86 91 48 28 2 92 44 55 55 95 12 73 18 70 2 25 0 35 33 11 60 96 67 85 50 40 94 95 24 19 
91 44 23 21 7 83 93 95 38 16 23 34 97 8 66 87 87 99 31 35 0 25 76 94 58 2 71 66 78 93 51 84 18 
4 62 84 45 37 95 48 85 79 81 2 49 16 32 44 5 97 27 92 33 25 0 64 19 52 0 87 60 26 10 57 70 15 
2 57 54 24 57 41 83 93 90 98 85 41 86 45 59 58 18 25 42 11 76 64 0 76 27 43 58 64 9 82 86 65 87 
53 37 56 72 87 2 7 43 57 22 82 12 5 13 92 91 77 43 22 60 94 19 76 0 77 74 25 27 29 28 23 20 2 
92 59 40 70 53 50 21 23 58 51 85 45 88 56 39 2 73 24 86 96 58 52 27 77 0 62 23 96 37 61 95 25 64 
82 23 66 29 83 91 10 87 91 21 88 60 82 21 53 25 70 23 64 67 2 0 43 74 62 0 60 2 16 30 26 11 71 
21 41 76 77 45 36 17 14 15 99 26 18 55 58 24 77 63 72 0 85 71 87 58 25 23 60 0 11 47 53 20 90 24 
16 29 31 73 9 74 13 3 88 57 17 53 34 46 54 14 68 61 87 50 66 60 64 27 96 2 11 0 88 63 40 51 62 
18 78 8 97 9 20 14 48 56 76 57 39 14 82 10 14 92 81 60 40 78 26 9 29 37 16 47 88 0 29 0 13 58 
95 16 44 12 58 96 9 0 11 92 32 23 1 81 45 24 85 3 13 94 93 10 82 28 61 30 53 63 29 0 78 65 7 
47 35 39 86 21 21 16 58 2 89 32 79 16 44 49 34 2 32 74 95 51 57 86 23 95 26 20 40 0 78 0 77 0 
26 90 26 90 88 48 35 18 34 75 69 96 71 96 86 74 80 5 70 24 84 70 65 20 25 11 90 51 13 65 77 0 58 
71 42 23 61 22 99 51 80 72 12 54 87 86 22 13 72 13 93 70 19 18 15 87 2 64 71 24 62 58 7 0 58 0 
